service_id,monday,tuesday,wednesday,thursday,friday,saturday,sunday,start_date,end_date
000001,0,0,0,0,0,0,0,20210324,20210622
000002,0,0,0,0,0,0,0,20210324,20210622
000003,0,0,0,0,0,0,0,20210324,20210622
000004,0,0,0,0,0,0,0,20210324,20210622
000005,0,0,0,0,0,0,0,20210324,20210622
000006,0,0,0,0,0,0,0,20210324,20210622
000007,0,0,0,0,0,0,0,20210324,20210622
000008,0,0,0,0,0,0,0,20210324,20210622
000009,0,0,0,0,0,0,0,20210324,20210622
000010,0,0,0,0,0,0,0,20210324,20210622
000011,0,0,0,0,0,0,0,20210324,20210622
000012,0,0,0,0,0,0,0,20210324,20210622
000013,0,0,0,0,0,0,0,20210324,20210622
000014,0,0,0,0,0,0,0,20210324,20210622
000015,0,0,0,0,0,0,0,20210324,20210622
000016,0,0,0,0,0,0,0,20210324,20210622
000017,0,0,0,0,0,0,0,20210324,20210622
000018,0,0,0,0,0,0,0,20210324,20210622
000019,0,0,0,0,0,0,0,20210324,20210622
000020,0,0,0,0,0,0,0,20210324,20210622
000021,0,0,0,0,0,0,0,20210324,20210622
000022,0,0,0,0,0,0,0,20210324,20210622
000023,0,0,0,0,0,0,0,20210324,20210622
000024,0,0,0,0,0,0,0,20210324,20210622
000025,0,0,0,0,0,0,0,20210324,20210622
000026,0,0,0,0,0,0,0,20210324,20210622
000027,0,0,0,0,0,0,0,20210324,20210622
000028,0,0,0,0,0,0,0,20210324,20210622
000029,0,0,0,0,0,0,0,20210324,20210622
000030,0,0,0,0,0,0,0,20210324,20210622
000031,0,0,0,0,0,0,0,20210324,20210622
000032,0,0,0,0,0,0,0,20210324,20210622
000033,0,0,0,0,0,0,0,20210324,20210622
000034,0,0,0,0,0,0,0,20210324,20210622
000035,0,0,0,0,0,0,0,20210324,20210622
000036,0,0,0,0,0,0,0,20210324,20210622
000037,0,0,0,0,0,0,0,20210324,20210622
000038,0,0,0,0,0,0,0,20210324,20210622
000039,0,0,0,0,0,0,0,20210324,20210622
000040,0,0,0,0,0,0,0,20210324,20210622
000041,0,0,0,0,0,0,0,20210324,20210622
000042,0,0,0,0,0,0,0,20210324,20210622
000043,0,0,0,0,0,0,0,20210324,20210622
000044,0,0,0,0,0,0,0,20210324,20210622
000045,0,0,0,0,0,0,0,20210324,20210622
000046,0,0,0,0,0,0,0,20210324,20210622
000047,0,0,0,0,0,0,0,20210324,20210622
000048,0,0,0,0,0,0,0,20210324,20210622
000049,0,0,0,0,0,0,0,20210324,20210622
000050,0,0,0,0,0,0,0,20210324,20210622
000051,0,0,0,0,0,0,0,20210324,20210622
000052,0,0,0,0,0,0,0,20210324,20210622
000053,0,0,0,0,0,0,0,20210324,20210622
000054,0,0,0,0,0,0,0,20210324,20210622
000055,0,0,0,0,0,0,0,20210324,20210622
000056,0,0,0,0,0,0,0,20210324,20210622
000057,0,0,0,0,0,0,0,20210324,20210622
000058,0,0,0,0,0,0,0,20210324,20210622
000059,0,0,0,0,0,0,0,20210324,20210622
000060,0,0,0,0,0,0,0,20210324,20210622
000061,0,0,0,0,0,0,0,20210324,20210622
000062,0,0,0,0,0,0,0,20210324,20210622
000063,0,0,0,0,0,0,0,20210324,20210622
000064,0,0,0,0,0,0,0,20210324,20210622
000065,0,0,0,0,0,0,0,20210324,20210622
000066,0,0,0,0,0,0,0,20210324,20210622
000067,0,0,0,0,0,0,0,20210324,20210622
000068,0,0,0,0,0,0,0,20210324,20210622
000069,0,0,0,0,0,0,0,20210324,20210622
000070,0,0,0,0,0,0,0,20210324,20210622
000071,0,0,0,0,0,0,0,20210324,20210622
000072,0,0,0,0,0,0,0,20210324,20210622
000073,0,0,0,0,0,0,0,20210324,20210622
000074,0,0,0,0,0,0,0,20210324,20210622
000075,0,0,0,0,0,0,0,20210324,20210622
000076,0,0,0,0,0,0,0,20210324,20210622
000077,0,0,0,0,0,0,0,20210324,20210622
000078,0,0,0,0,0,0,0,20210324,20210622
000079,0,0,0,0,0,0,0,20210324,20210622
000080,0,0,0,0,0,0,0,20210324,20210622
000081,0,0,0,0,0,0,0,20210324,20210622
000082,0,0,0,0,0,0,0,20210324,20210622
000083,0,0,0,0,0,0,0,20210324,20210622
000084,0,0,0,0,0,0,0,20210324,20210622
000085,0,0,0,0,0,0,0,20210324,20210622
000086,0,0,0,0,0,0,0,20210324,20210622
000087,0,0,0,0,0,0,0,20210324,20210622
000088,0,0,0,0,0,0,0,20210324,20210622
000089,0,0,0,0,0,0,0,20210324,20210622
000090,0,0,0,0,0,0,0,20210324,20210622
000091,0,0,0,0,0,0,0,20210324,20210622
000092,0,0,0,0,0,0,0,20210324,20210622
000093,0,0,0,0,0,0,0,20210324,20210622
000094,0,0,0,0,0,0,0,20210324,20210622
000095,0,0,0,0,0,0,0,20210324,20210622
000096,0,0,0,0,0,0,0,20210324,20210622
000097,0,0,0,0,0,0,0,20210324,20210622
000098,0,0,0,0,0,0,0,20210324,20210622
000099,0,0,0,0,0,0,0,20210324,20210622
000100,0,0,0,0,0,0,0,20210324,20210622
000101,0,0,0,0,0,0,0,20210324,20210622
000102,0,0,0,0,0,0,0,20210324,20210622
000103,0,0,0,0,0,0,0,20210324,20210622
000104,0,0,0,0,0,0,0,20210324,20210622
000105,0,0,0,0,0,0,0,20210324,20210622
000106,0,0,0,0,0,0,0,20210324,20210622
000107,0,0,0,0,0,0,0,20210324,20210622
000108,0,0,0,0,0,0,0,20210324,20210622
000109,0,0,0,0,0,0,0,20210324,20210622
000110,0,0,0,0,0,0,0,20210324,20210622
000111,0,0,0,0,0,0,0,20210324,20210622
000112,0,0,0,0,0,0,0,20210324,20210622
000113,0,0,0,0,0,0,0,20210324,20210622
000114,0,0,0,0,0,0,0,20210324,20210622
000115,0,0,0,0,0,0,0,20210324,20210622
000116,0,0,0,0,0,0,0,20210324,20210622
000117,0,0,0,0,0,0,0,20210324,20210622
000118,0,0,0,0,0,0,0,20210324,20210622
000119,0,0,0,0,0,0,0,20210324,20210622
000120,0,0,0,0,0,0,0,20210324,20210622
000121,0,0,0,0,0,0,0,20210324,20210622
000122,0,0,0,0,0,0,0,20210324,20210622
000123,0,0,0,0,0,0,0,20210324,20210622
000124,0,0,0,0,0,0,0,20210324,20210622
000125,0,0,0,0,0,0,0,20210324,20210622
000126,0,0,0,0,0,0,0,20210324,20210622
000127,0,0,0,0,0,0,0,20210324,20210622
000128,0,0,0,0,0,0,0,20210324,20210622
000129,0,0,0,0,0,0,0,20210324,20210622
000130,0,0,0,0,0,0,0,20210324,20210622
000131,0,0,0,0,0,0,0,20210324,20210622
000132,0,0,0,0,0,0,0,20210324,20210622
000133,0,0,0,0,0,0,0,20210324,20210622
000134,0,0,0,0,0,0,0,20210324,20210622
000135,0,0,0,0,0,0,0,20210324,20210622
000136,0,0,0,0,0,0,0,20210324,20210622
000137,0,0,0,0,0,0,0,20210324,20210622
000138,0,0,0,0,0,0,0,20210324,20210622
000139,0,0,0,0,0,0,0,20210324,20210622
000140,0,0,0,0,0,0,0,20210324,20210622
000141,0,0,0,0,0,0,0,20210324,20210622
000142,0,0,0,0,0,0,0,20210324,20210622
000143,0,0,0,0,0,0,0,20210324,20210622
000144,0,0,0,0,0,0,0,20210324,20210622
000145,0,0,0,0,0,0,0,20210324,20210622
000146,0,0,0,0,0,0,0,20210324,20210622
000147,0,0,0,0,0,0,0,20210324,20210622
000148,0,0,0,0,0,0,0,20210324,20210622
000149,0,0,0,0,0,0,0,20210324,20210622
000150,0,0,0,0,0,0,0,20210324,20210622
000151,0,0,0,0,0,0,0,20210324,20210622
000152,0,0,0,0,0,0,0,20210324,20210622
000153,0,0,0,0,0,0,0,20210324,20210622
000154,0,0,0,0,0,0,0,20210324,20210622
000155,0,0,0,0,0,0,0,20210324,20210622
000156,0,0,0,0,0,0,0,20210324,20210622
000157,0,0,0,0,0,0,0,20210324,20210622
000158,0,0,0,0,0,0,0,20210324,20210622
000159,0,0,0,0,0,0,0,20210324,20210622
000160,0,0,0,0,0,0,0,20210324,20210622
000161,0,0,0,0,0,0,0,20210324,20210622
000162,0,0,0,0,0,0,0,20210324,20210622
000163,0,0,0,0,0,0,0,20210324,20210622
000164,0,0,0,0,0,0,0,20210324,20210622
000165,0,0,0,0,0,0,0,20210324,20210622
000166,0,0,0,0,0,0,0,20210324,20210622
000167,0,0,0,0,0,0,0,20210324,20210622
000168,0,0,0,0,0,0,0,20210324,20210622
000169,0,0,0,0,0,0,0,20210324,20210622
000170,0,0,0,0,0,0,0,20210324,20210622
000171,0,0,0,0,0,0,0,20210324,20210622
000172,0,0,0,0,0,0,0,20210324,20210622
000173,0,0,0,0,0,0,0,20210324,20210622
000174,0,0,0,0,0,0,0,20210324,20210622
000175,0,0,0,0,0,0,0,20210324,20210622
000176,0,0,0,0,0,0,0,20210324,20210622
000177,0,0,0,0,0,0,0,20210324,20210622
000178,0,0,0,0,0,0,0,20210324,20210622
000179,0,0,0,0,0,0,0,20210324,20210622
000180,0,0,0,0,0,0,0,20210324,20210622
000181,0,0,0,0,0,0,0,20210324,20210622
000182,0,0,0,0,0,0,0,20210324,20210622
000183,0,0,0,0,0,0,0,20210324,20210622
000184,0,0,0,0,0,0,0,20210324,20210622
000185,0,0,0,0,0,0,0,20210324,20210622
000186,0,0,0,0,0,0,0,20210324,20210622
000187,0,0,0,0,0,0,0,20210324,20210622
000188,0,0,0,0,0,0,0,20210324,20210622
000189,0,0,0,0,0,0,0,20210324,20210622
000190,0,0,0,0,0,0,0,20210324,20210622
000191,0,0,0,0,0,0,0,20210324,20210622
000192,0,0,0,0,0,0,0,20210324,20210622
000193,0,0,0,0,0,0,0,20210324,20210622
000194,0,0,0,0,0,0,0,20210324,20210622
000195,0,0,0,0,0,0,0,20210324,20210622
000196,0,0,0,0,0,0,0,20210324,20210622
000197,0,0,0,0,0,0,0,20210324,20210622
000198,0,0,0,0,0,0,0,20210324,20210622
000199,0,0,0,0,0,0,0,20210324,20210622
000200,0,0,0,0,0,0,0,20210324,20210622
000201,0,0,0,0,0,0,0,20210324,20210622
000202,0,0,0,0,0,0,0,20210324,20210622
000203,0,0,0,0,0,0,0,20210324,20210622
000204,0,0,0,0,0,0,0,20210324,20210622
000205,0,0,0,0,0,0,0,20210324,20210622
000206,0,0,0,0,0,0,0,20210324,20210622
000207,0,0,0,0,0,0,0,20210324,20210622
000208,0,0,0,0,0,0,0,20210324,20210622
000209,0,0,0,0,0,0,0,20210324,20210622
000210,0,0,0,0,0,0,0,20210324,20210622
000211,0,0,0,0,0,0,0,20210324,20210622
000212,0,0,0,0,0,0,0,20210324,20210622
000213,0,0,0,0,0,0,0,20210324,20210622
000214,0,0,0,0,0,0,0,20210324,20210622
000215,0,0,0,0,0,0,0,20210324,20210622
000216,0,0,0,0,0,0,0,20210324,20210622
000217,0,0,0,0,0,0,0,20210324,20210622
000218,0,0,0,0,0,0,0,20210324,20210622
000219,0,0,0,0,0,0,0,20210324,20210622
000220,0,0,0,0,0,0,0,20210324,20210622
000221,0,0,0,0,0,0,0,20210324,20210622
000222,0,0,0,0,0,0,0,20210324,20210622
000223,0,0,0,0,0,0,0,20210324,20210622
000224,0,0,0,0,0,0,0,20210324,20210622
000225,0,0,0,0,0,0,0,20210324,20210622
000226,0,0,0,0,0,0,0,20210324,20210622
000227,0,0,0,0,0,0,0,20210324,20210622
000228,0,0,0,0,0,0,0,20210324,20210622
000229,0,0,0,0,0,0,0,20210324,20210622
000230,0,0,0,0,0,0,0,20210324,20210622
000231,0,0,0,0,0,0,0,20210324,20210622
000232,0,0,0,0,0,0,0,20210324,20210622
000233,0,0,0,0,0,0,0,20210324,20210622
000234,0,0,0,0,0,0,0,20210324,20210622
000235,0,0,0,0,0,0,0,20210324,20210622
000236,0,0,0,0,0,0,0,20210324,20210622
000237,0,0,0,0,0,0,0,20210324,20210622
000238,0,0,0,0,0,0,0,20210324,20210622
000239,0,0,0,0,0,0,0,20210324,20210622
000240,0,0,0,0,0,0,0,20210324,20210622
000241,0,0,0,0,0,0,0,20210324,20210622
000242,0,0,0,0,0,0,0,20210324,20210622
000243,0,0,0,0,0,0,0,20210324,20210622
000244,0,0,0,0,0,0,0,20210324,20210622
000245,0,0,0,0,0,0,0,20210324,20210622
000246,0,0,0,0,0,0,0,20210324,20210622
000247,0,0,0,0,0,0,0,20210324,20210622
000248,0,0,0,0,0,0,0,20210324,20210622
000249,0,0,0,0,0,0,0,20210324,20210622
000250,0,0,0,0,0,0,0,20210324,20210622
000251,0,0,0,0,0,0,0,20210324,20210622
000252,0,0,0,0,0,0,0,20210324,20210622
000253,0,0,0,0,0,0,0,20210324,20210622
000254,0,0,0,0,0,0,0,20210324,20210622
000255,0,0,0,0,0,0,0,20210324,20210622
000256,0,0,0,0,0,0,0,20210324,20210622
000257,0,0,0,0,0,0,0,20210324,20210622
000258,0,0,0,0,0,0,0,20210324,20210622
000259,0,0,0,0,0,0,0,20210324,20210622
000260,0,0,0,0,0,0,0,20210324,20210622
000261,0,0,0,0,0,0,0,20210324,20210622
000262,0,0,0,0,0,0,0,20210324,20210622
000263,0,0,0,0,0,0,0,20210324,20210622
000264,0,0,0,0,0,0,0,20210324,20210622
000265,0,0,0,0,0,0,0,20210324,20210622
000266,0,0,0,0,0,0,0,20210324,20210622
000267,0,0,0,0,0,0,0,20210324,20210622
000268,0,0,0,0,0,0,0,20210324,20210622
000269,0,0,0,0,0,0,0,20210324,20210622
000270,0,0,0,0,0,0,0,20210324,20210622
000271,0,0,0,0,0,0,0,20210324,20210622
000272,0,0,0,0,0,0,0,20210324,20210622
000273,0,0,0,0,0,0,0,20210324,20210622
000274,0,0,0,0,0,0,0,20210324,20210622
000275,0,0,0,0,0,0,0,20210324,20210622
000276,0,0,0,0,0,0,0,20210324,20210622
000277,0,0,0,0,0,0,0,20210324,20210622
000278,0,0,0,0,0,0,0,20210324,20210622
000279,0,0,0,0,0,0,0,20210324,20210622
000280,0,0,0,0,0,0,0,20210324,20210622
000281,0,0,0,0,0,0,0,20210324,20210622
000282,0,0,0,0,0,0,0,20210324,20210622
000283,0,0,0,0,0,0,0,20210324,20210622
000284,0,0,0,0,0,0,0,20210324,20210622
000285,0,0,0,0,0,0,0,20210324,20210622
000286,0,0,0,0,0,0,0,20210324,20210622
000287,0,0,0,0,0,0,0,20210324,20210622
000288,0,0,0,0,0,0,0,20210324,20210622
000289,0,0,0,0,0,0,0,20210324,20210622
000290,0,0,0,0,0,0,0,20210324,20210622
000291,0,0,0,0,0,0,0,20210324,20210622
000292,0,0,0,0,0,0,0,20210324,20210622
000293,0,0,0,0,0,0,0,20210324,20210622
000294,0,0,0,0,0,0,0,20210324,20210622
000295,0,0,0,0,0,0,0,20210324,20210622
000296,0,0,0,0,0,0,0,20210324,20210622
000297,0,0,0,0,0,0,0,20210324,20210622
000298,0,0,0,0,0,0,0,20210324,20210622
000299,0,0,0,0,0,0,0,20210324,20210622
000300,0,0,0,0,0,0,0,20210324,20210622
000301,0,0,0,0,0,0,0,20210324,20210622
000302,0,0,0,0,0,0,0,20210324,20210622
000303,0,0,0,0,0,0,0,20210324,20210622
000304,0,0,0,0,0,0,0,20210324,20210622
000305,0,0,0,0,0,0,0,20210324,20210622
000306,0,0,0,0,0,0,0,20210324,20210622
000307,0,0,0,0,0,0,0,20210324,20210622
000308,0,0,0,0,0,0,0,20210324,20210622
000309,0,0,0,0,0,0,0,20210324,20210622
000310,0,0,0,0,0,0,0,20210324,20210622
000311,0,0,0,0,0,0,0,20210324,20210622
000312,0,0,0,0,0,0,0,20210324,20210622
000313,0,0,0,0,0,0,0,20210324,20210622
000314,0,0,0,0,0,0,0,20210324,20210622
000315,0,0,0,0,0,0,0,20210324,20210622
000316,0,0,0,0,0,0,0,20210324,20210622
000317,0,0,0,0,0,0,0,20210324,20210622
000318,0,0,0,0,0,0,0,20210324,20210622
000319,0,0,0,0,0,0,0,20210324,20210622
000320,0,0,0,0,0,0,0,20210324,20210622
000321,0,0,0,0,0,0,0,20210324,20210622
000322,0,0,0,0,0,0,0,20210324,20210622
000323,0,0,0,0,0,0,0,20210324,20210622
000324,0,0,0,0,0,0,0,20210324,20210622
000325,0,0,0,0,0,0,0,20210324,20210622
000326,0,0,0,0,0,0,0,20210324,20210622
000327,0,0,0,0,0,0,0,20210324,20210622
000328,0,0,0,0,0,0,0,20210324,20210622
000329,0,0,0,0,0,0,0,20210324,20210622
000330,0,0,0,0,0,0,0,20210324,20210622
000331,0,0,0,0,0,0,0,20210324,20210622
000332,0,0,0,0,0,0,0,20210324,20210622
000333,0,0,0,0,0,0,0,20210324,20210622
000334,0,0,0,0,0,0,0,20210324,20210622
000335,0,0,0,0,0,0,0,20210324,20210622
000336,0,0,0,0,0,0,0,20210324,20210622
000337,0,0,0,0,0,0,0,20210324,20210622
000338,0,0,0,0,0,0,0,20210324,20210622
000339,0,0,0,0,0,0,0,20210324,20210622
000340,0,0,0,0,0,0,0,20210324,20210622
000341,0,0,0,0,0,0,0,20210324,20210622
000342,0,0,0,0,0,0,0,20210324,20210622
000343,0,0,0,0,0,0,0,20210324,20210622
000344,0,0,0,0,0,0,0,20210324,20210622
000345,0,0,0,0,0,0,0,20210324,20210622
000346,0,0,0,0,0,0,0,20210324,20210622
000347,0,0,0,0,0,0,0,20210324,20210622
000348,0,0,0,0,0,0,0,20210324,20210622
000349,0,0,0,0,0,0,0,20210324,20210622
000350,0,0,0,0,0,0,0,20210324,20210622
000351,0,0,0,0,0,0,0,20210324,20210622
000352,0,0,0,0,0,0,0,20210324,20210622
000353,0,0,0,0,0,0,0,20210324,20210622
000354,0,0,0,0,0,0,0,20210324,20210622
000355,0,0,0,0,0,0,0,20210324,20210622
000356,0,0,0,0,0,0,0,20210324,20210622
000357,0,0,0,0,0,0,0,20210324,20210622
000358,0,0,0,0,0,0,0,20210324,20210622
000359,0,0,0,0,0,0,0,20210324,20210622
000360,0,0,0,0,0,0,0,20210324,20210622
000361,0,0,0,0,0,0,0,20210324,20210622
000362,0,0,0,0,0,0,0,20210324,20210622
000363,0,0,0,0,0,0,0,20210324,20210622
000364,0,0,0,0,0,0,0,20210324,20210622
000365,0,0,0,0,0,0,0,20210324,20210622
000366,0,0,0,0,0,0,0,20210324,20210622
000367,0,0,0,0,0,0,0,20210324,20210622
000368,0,0,0,0,0,0,0,20210324,20210622
000369,0,0,0,0,0,0,0,20210324,20210622
000370,0,0,0,0,0,0,0,20210324,20210622
000371,0,0,0,0,0,0,0,20210324,20210622
000372,0,0,0,0,0,0,0,20210324,20210622
000373,0,0,0,0,0,0,0,20210324,20210622
000374,0,0,0,0,0,0,0,20210324,20210622
000375,0,0,0,0,0,0,0,20210324,20210622
000376,0,0,0,0,0,0,0,20210324,20210622
000377,0,0,0,0,0,0,0,20210324,20210622
000378,0,0,0,0,0,0,0,20210324,20210622
000379,0,0,0,0,0,0,0,20210324,20210622
000380,0,0,0,0,0,0,0,20210324,20210622
000381,0,0,0,0,0,0,0,20210324,20210622
000382,0,0,0,0,0,0,0,20210324,20210622
000383,0,0,0,0,0,0,0,20210324,20210622
000384,0,0,0,0,0,0,0,20210324,20210622
000385,0,0,0,0,0,0,0,20210324,20210622
000386,0,0,0,0,0,0,0,20210324,20210622
000387,0,0,0,0,0,0,0,20210324,20210622
000388,0,0,0,0,0,0,0,20210324,20210622
000389,0,0,0,0,0,0,0,20210324,20210622
000390,0,0,0,0,0,0,0,20210324,20210622
000391,0,0,0,0,0,0,0,20210324,20210622
000392,0,0,0,0,0,0,0,20210324,20210622
000393,0,0,0,0,0,0,0,20210324,20210622
000394,0,0,0,0,0,0,0,20210324,20210622
000395,0,0,0,0,0,0,0,20210324,20210622
000396,0,0,0,0,0,0,0,20210324,20210622
000397,0,0,0,0,0,0,0,20210324,20210622
000398,0,0,0,0,0,0,0,20210324,20210622
000399,0,0,0,0,0,0,0,20210324,20210622
000400,0,0,0,0,0,0,0,20210324,20210622
000401,0,0,0,0,0,0,0,20210324,20210622
000402,0,0,0,0,0,0,0,20210324,20210622
000403,0,0,0,0,0,0,0,20210324,20210622
000404,0,0,0,0,0,0,0,20210324,20210622
000405,0,0,0,0,0,0,0,20210324,20210622
000406,0,0,0,0,0,0,0,20210324,20210622
000407,0,0,0,0,0,0,0,20210324,20210622
000408,0,0,0,0,0,0,0,20210324,20210622
000409,0,0,0,0,0,0,0,20210324,20210622
000410,0,0,0,0,0,0,0,20210324,20210622
000411,0,0,0,0,0,0,0,20210324,20210622
000412,0,0,0,0,0,0,0,20210324,20210622
000413,0,0,0,0,0,0,0,20210324,20210622
000414,0,0,0,0,0,0,0,20210324,20210622
000415,0,0,0,0,0,0,0,20210324,20210622
000416,0,0,0,0,0,0,0,20210324,20210622
000417,0,0,0,0,0,0,0,20210324,20210622
000418,0,0,0,0,0,0,0,20210324,20210622
000419,0,0,0,0,0,0,0,20210324,20210622
000420,0,0,0,0,0,0,0,20210324,20210622
000421,0,0,0,0,0,0,0,20210324,20210622
000422,0,0,0,0,0,0,0,20210324,20210622
000423,0,0,0,0,0,0,0,20210324,20210622
000424,0,0,0,0,0,0,0,20210324,20210622
000425,0,0,0,0,0,0,0,20210324,20210622
000426,0,0,0,0,0,0,0,20210324,20210622
000427,0,0,0,0,0,0,0,20210324,20210622
000428,0,0,0,0,0,0,0,20210324,20210622
000429,0,0,0,0,0,0,0,20210324,20210622
000430,0,0,0,0,0,0,0,20210324,20210622
000431,0,0,0,0,0,0,0,20210324,20210622
000432,0,0,0,0,0,0,0,20210324,20210622
000433,0,0,0,0,0,0,0,20210324,20210622
000434,0,0,0,0,0,0,0,20210324,20210622
000435,0,0,0,0,0,0,0,20210324,20210622
000436,0,0,0,0,0,0,0,20210324,20210622
000437,0,0,0,0,0,0,0,20210324,20210622
000438,0,0,0,0,0,0,0,20210324,20210622
000439,0,0,0,0,0,0,0,20210324,20210622
000440,0,0,0,0,0,0,0,20210324,20210622
000441,0,0,0,0,0,0,0,20210324,20210622
000442,0,0,0,0,0,0,0,20210324,20210622
000443,0,0,0,0,0,0,0,20210324,20210622
000444,0,0,0,0,0,0,0,20210324,20210622
000445,0,0,0,0,0,0,0,20210324,20210622
000446,0,0,0,0,0,0,0,20210324,20210622
000447,0,0,0,0,0,0,0,20210324,20210622
000448,0,0,0,0,0,0,0,20210324,20210622
000449,0,0,0,0,0,0,0,20210324,20210622
000450,0,0,0,0,0,0,0,20210324,20210622
000451,0,0,0,0,0,0,0,20210324,20210622
000452,0,0,0,0,0,0,0,20210324,20210622
000453,0,0,0,0,0,0,0,20210324,20210622
000454,0,0,0,0,0,0,0,20210324,20210622
000455,0,0,0,0,0,0,0,20210324,20210622
000456,0,0,0,0,0,0,0,20210324,20210622
000457,0,0,0,0,0,0,0,20210324,20210622
000458,0,0,0,0,0,0,0,20210324,20210622
000459,0,0,0,0,0,0,0,20210324,20210622
000460,0,0,0,0,0,0,0,20210324,20210622
000461,0,0,0,0,0,0,0,20210324,20210622
000462,0,0,0,0,0,0,0,20210324,20210622
000463,0,0,0,0,0,0,0,20210324,20210622
000464,0,0,0,0,0,0,0,20210324,20210622
000465,0,0,0,0,0,0,0,20210324,20210622
000466,0,0,0,0,0,0,0,20210324,20210622
000467,0,0,0,0,0,0,0,20210324,20210622
000468,0,0,0,0,0,0,0,20210324,20210622
000469,0,0,0,0,0,0,0,20210324,20210622
000470,0,0,0,0,0,0,0,20210324,20210622
000471,0,0,0,0,0,0,0,20210324,20210622
000472,0,0,0,0,0,0,0,20210324,20210622
000473,0,0,0,0,0,0,0,20210324,20210622
000474,0,0,0,0,0,0,0,20210324,20210622
000475,0,0,0,0,0,0,0,20210324,20210622
000476,0,0,0,0,0,0,0,20210324,20210622
000477,0,0,0,0,0,0,0,20210324,20210622
000478,0,0,0,0,0,0,0,20210324,20210622
000479,0,0,0,0,0,0,0,20210324,20210622
000480,0,0,0,0,0,0,0,20210324,20210622
000481,0,0,0,0,0,0,0,20210324,20210622
000482,0,0,0,0,0,0,0,20210324,20210622
000483,0,0,0,0,0,0,0,20210324,20210622
000484,0,0,0,0,0,0,0,20210324,20210622
000485,0,0,0,0,0,0,0,20210324,20210622
000486,0,0,0,0,0,0,0,20210324,20210622
000487,0,0,0,0,0,0,0,20210324,20210622
000488,0,0,0,0,0,0,0,20210324,20210622
000489,0,0,0,0,0,0,0,20210324,20210622
000490,0,0,0,0,0,0,0,20210324,20210622
000491,0,0,0,0,0,0,0,20210324,20210622
000492,0,0,0,0,0,0,0,20210324,20210622
000493,0,0,0,0,0,0,0,20210324,20210622
000494,0,0,0,0,0,0,0,20210324,20210622
000495,0,0,0,0,0,0,0,20210324,20210622
000496,0,0,0,0,0,0,0,20210324,20210622
000497,0,0,0,0,0,0,0,20210324,20210622
000498,0,0,0,0,0,0,0,20210324,20210622
000499,0,0,0,0,0,0,0,20210324,20210622
000500,0,0,0,0,0,0,0,20210324,20210622
000501,0,0,0,0,0,0,0,20210324,20210622
000502,0,0,0,0,0,0,0,20210324,20210622
000503,0,0,0,0,0,0,0,20210324,20210622
000504,0,0,0,0,0,0,0,20210324,20210622
000505,0,0,0,0,0,0,0,20210324,20210622
000506,0,0,0,0,0,0,0,20210324,20210622
000507,0,0,0,0,0,0,0,20210324,20210622
000508,0,0,0,0,0,0,0,20210324,20210622
000509,0,0,0,0,0,0,0,20210324,20210622
000510,0,0,0,0,0,0,0,20210324,20210622
000511,0,0,0,0,0,0,0,20210324,20210622
000512,0,0,0,0,0,0,0,20210324,20210622
000513,0,0,0,0,0,0,0,20210324,20210622
000514,0,0,0,0,0,0,0,20210324,20210622
000515,0,0,0,0,0,0,0,20210324,20210622
000516,0,0,0,0,0,0,0,20210324,20210622
000517,0,0,0,0,0,0,0,20210324,20210622
000518,0,0,0,0,0,0,0,20210324,20210622
000519,0,0,0,0,0,0,0,20210324,20210622
000520,0,0,0,0,0,0,0,20210324,20210622
000521,0,0,0,0,0,0,0,20210324,20210622
000522,0,0,0,0,0,0,0,20210324,20210622
000523,0,0,0,0,0,0,0,20210324,20210622
000524,0,0,0,0,0,0,0,20210324,20210622
000525,0,0,0,0,0,0,0,20210324,20210622
000526,0,0,0,0,0,0,0,20210324,20210622
000527,0,0,0,0,0,0,0,20210324,20210622
000528,0,0,0,0,0,0,0,20210324,20210622
000529,0,0,0,0,0,0,0,20210324,20210622
000530,0,0,0,0,0,0,0,20210324,20210622
000531,0,0,0,0,0,0,0,20210324,20210622
000532,0,0,0,0,0,0,0,20210324,20210622
000533,0,0,0,0,0,0,0,20210324,20210622
000534,0,0,0,0,0,0,0,20210324,20210622
000535,0,0,0,0,0,0,0,20210324,20210622
000536,0,0,0,0,0,0,0,20210324,20210622
000537,0,0,0,0,0,0,0,20210324,20210622
000538,0,0,0,0,0,0,0,20210324,20210622
000539,0,0,0,0,0,0,0,20210324,20210622
000540,0,0,0,0,0,0,0,20210324,20210622
000541,0,0,0,0,0,0,0,20210324,20210622
000542,0,0,0,0,0,0,0,20210324,20210622
000543,0,0,0,0,0,0,0,20210324,20210622
000544,0,0,0,0,0,0,0,20210324,20210622
000545,0,0,0,0,0,0,0,20210324,20210622
000546,0,0,0,0,0,0,0,20210324,20210622
000547,0,0,0,0,0,0,0,20210324,20210622
000548,0,0,0,0,0,0,0,20210324,20210622
000549,0,0,0,0,0,0,0,20210324,20210622
000550,0,0,0,0,0,0,0,20210324,20210622
000551,0,0,0,0,0,0,0,20210324,20210622
000552,0,0,0,0,0,0,0,20210324,20210622
000553,0,0,0,0,0,0,0,20210324,20210622
000554,0,0,0,0,0,0,0,20210324,20210622
000555,0,0,0,0,0,0,0,20210324,20210622
000556,0,0,0,0,0,0,0,20210324,20210622
000557,0,0,0,0,0,0,0,20210324,20210622
000558,0,0,0,0,0,0,0,20210324,20210622
000559,0,0,0,0,0,0,0,20210324,20210622
000560,0,0,0,0,0,0,0,20210324,20210622
000561,0,0,0,0,0,0,0,20210324,20210622
000562,0,0,0,0,0,0,0,20210324,20210622
000563,0,0,0,0,0,0,0,20210324,20210622
000564,0,0,0,0,0,0,0,20210324,20210622
000565,0,0,0,0,0,0,0,20210324,20210622
000566,0,0,0,0,0,0,0,20210324,20210622
000567,0,0,0,0,0,0,0,20210324,20210622
000568,0,0,0,0,0,0,0,20210324,20210622
000569,0,0,0,0,0,0,0,20210324,20210622
000570,0,0,0,0,0,0,0,20210324,20210622
000571,0,0,0,0,0,0,0,20210324,20210622
000572,0,0,0,0,0,0,0,20210324,20210622
000573,0,0,0,0,0,0,0,20210324,20210622
000574,0,0,0,0,0,0,0,20210324,20210622
000575,0,0,0,0,0,0,0,20210324,20210622
000576,0,0,0,0,0,0,0,20210324,20210622
000577,0,0,0,0,0,0,0,20210324,20210622
000578,0,0,0,0,0,0,0,20210324,20210622
000579,0,0,0,0,0,0,0,20210324,20210622
000580,0,0,0,0,0,0,0,20210324,20210622
000581,0,0,0,0,0,0,0,20210324,20210622
000582,0,0,0,0,0,0,0,20210324,20210622
000583,0,0,0,0,0,0,0,20210324,20210622
000584,0,0,0,0,0,0,0,20210324,20210622
000585,0,0,0,0,0,0,0,20210324,20210622
000586,0,0,0,0,0,0,0,20210324,20210622
000587,0,0,0,0,0,0,0,20210324,20210622
000588,0,0,0,0,0,0,0,20210324,20210622
000589,0,0,0,0,0,0,0,20210324,20210622
000590,0,0,0,0,0,0,0,20210324,20210622
000591,0,0,0,0,0,0,0,20210324,20210622
000592,0,0,0,0,0,0,0,20210324,20210622
000593,0,0,0,0,0,0,0,20210324,20210622
000594,0,0,0,0,0,0,0,20210324,20210622
000595,0,0,0,0,0,0,0,20210324,20210622
000596,0,0,0,0,0,0,0,20210324,20210622
000597,0,0,0,0,0,0,0,20210324,20210622
000598,0,0,0,0,0,0,0,20210324,20210622
000599,0,0,0,0,0,0,0,20210324,20210622
000600,0,0,0,0,0,0,0,20210324,20210622
000601,0,0,0,0,0,0,0,20210324,20210622
000602,0,0,0,0,0,0,0,20210324,20210622
000603,0,0,0,0,0,0,0,20210324,20210622
000604,0,0,0,0,0,0,0,20210324,20210622
000605,0,0,0,0,0,0,0,20210324,20210622
000606,0,0,0,0,0,0,0,20210324,20210622
000607,0,0,0,0,0,0,0,20210324,20210622
000608,0,0,0,0,0,0,0,20210324,20210622
000609,0,0,0,0,0,0,0,20210324,20210622
000610,0,0,0,0,0,0,0,20210324,20210622
000611,0,0,0,0,0,0,0,20210324,20210622
000612,0,0,0,0,0,0,0,20210324,20210622
000613,0,0,0,0,0,0,0,20210324,20210622
000614,0,0,0,0,0,0,0,20210324,20210622
000615,0,0,0,0,0,0,0,20210324,20210622
000616,0,0,0,0,0,0,0,20210324,20210622
000617,0,0,0,0,0,0,0,20210324,20210622
000618,0,0,0,0,0,0,0,20210324,20210622
000619,0,0,0,0,0,0,0,20210324,20210622
000620,0,0,0,0,0,0,0,20210324,20210622
000621,0,0,0,0,0,0,0,20210324,20210622
000622,0,0,0,0,0,0,0,20210324,20210622
000623,0,0,0,0,0,0,0,20210324,20210622
000624,0,0,0,0,0,0,0,20210324,20210622
000625,0,0,0,0,0,0,0,20210324,20210622
000626,0,0,0,0,0,0,0,20210324,20210622
000627,0,0,0,0,0,0,0,20210324,20210622
000628,0,0,0,0,0,0,0,20210324,20210622
000629,0,0,0,0,0,0,0,20210324,20210622
000630,0,0,0,0,0,0,0,20210324,20210622
000631,0,0,0,0,0,0,0,20210324,20210622
000632,0,0,0,0,0,0,0,20210324,20210622
000633,0,0,0,0,0,0,0,20210324,20210622
000634,0,0,0,0,0,0,0,20210324,20210622
000635,0,0,0,0,0,0,0,20210324,20210622
000636,0,0,0,0,0,0,0,20210324,20210622
000637,0,0,0,0,0,0,0,20210324,20210622
000638,0,0,0,0,0,0,0,20210324,20210622
000639,0,0,0,0,0,0,0,20210324,20210622
000640,0,0,0,0,0,0,0,20210324,20210622
000641,0,0,0,0,0,0,0,20210324,20210622
000642,0,0,0,0,0,0,0,20210324,20210622
000643,0,0,0,0,0,0,0,20210324,20210622
000644,0,0,0,0,0,0,0,20210324,20210622
000645,0,0,0,0,0,0,0,20210324,20210622
000646,0,0,0,0,0,0,0,20210324,20210622
000647,0,0,0,0,0,0,0,20210324,20210622
000648,0,0,0,0,0,0,0,20210324,20210622
000649,0,0,0,0,0,0,0,20210324,20210622
000650,0,0,0,0,0,0,0,20210324,20210622
000651,0,0,0,0,0,0,0,20210324,20210622
000652,0,0,0,0,0,0,0,20210324,20210622
000653,0,0,0,0,0,0,0,20210324,20210622
000654,0,0,0,0,0,0,0,20210324,20210622
000655,0,0,0,0,0,0,0,20210324,20210622
000656,0,0,0,0,0,0,0,20210324,20210622
000657,0,0,0,0,0,0,0,20210324,20210622
000658,0,0,0,0,0,0,0,20210324,20210622
000659,0,0,0,0,0,0,0,20210324,20210622
000660,0,0,0,0,0,0,0,20210324,20210622
000661,0,0,0,0,0,0,0,20210324,20210622
000662,0,0,0,0,0,0,0,20210324,20210622
000663,0,0,0,0,0,0,0,20210324,20210622
000664,0,0,0,0,0,0,0,20210324,20210622
000665,0,0,0,0,0,0,0,20210324,20210622
000666,0,0,0,0,0,0,0,20210324,20210622
000667,0,0,0,0,0,0,0,20210324,20210622
000668,0,0,0,0,0,0,0,20210324,20210622
000669,0,0,0,0,0,0,0,20210324,20210622
000670,0,0,0,0,0,0,0,20210324,20210622
000671,0,0,0,0,0,0,0,20210324,20210622
000672,0,0,0,0,0,0,0,20210324,20210622
000673,0,0,0,0,0,0,0,20210324,20210622
000674,0,0,0,0,0,0,0,20210324,20210622
000675,0,0,0,0,0,0,0,20210324,20210622
000676,0,0,0,0,0,0,0,20210324,20210622
000677,0,0,0,0,0,0,0,20210324,20210622
000678,0,0,0,0,0,0,0,20210324,20210622
000679,0,0,0,0,0,0,0,20210324,20210622
000680,0,0,0,0,0,0,0,20210324,20210622
000681,0,0,0,0,0,0,0,20210324,20210622
000682,0,0,0,0,0,0,0,20210324,20210622
000683,0,0,0,0,0,0,0,20210324,20210622
000684,0,0,0,0,0,0,0,20210324,20210622
000685,0,0,0,0,0,0,0,20210324,20210622
000686,0,0,0,0,0,0,0,20210324,20210622
000687,0,0,0,0,0,0,0,20210324,20210622
000688,0,0,0,0,0,0,0,20210324,20210622
000689,0,0,0,0,0,0,0,20210324,20210622
000690,0,0,0,0,0,0,0,20210324,20210622
000691,0,0,0,0,0,0,0,20210324,20210622
000692,0,0,0,0,0,0,0,20210324,20210622
000693,0,0,0,0,0,0,0,20210324,20210622
000694,0,0,0,0,0,0,0,20210324,20210622
000695,0,0,0,0,0,0,0,20210324,20210622
000696,0,0,0,0,0,0,0,20210324,20210622
000697,0,0,0,0,0,0,0,20210324,20210622
000698,0,0,0,0,0,0,0,20210324,20210622
000699,0,0,0,0,0,0,0,20210324,20210622
000700,0,0,0,0,0,0,0,20210324,20210622
000701,0,0,0,0,0,0,0,20210324,20210622
000702,0,0,0,0,0,0,0,20210324,20210622
000703,0,0,0,0,0,0,0,20210324,20210622
000704,0,0,0,0,0,0,0,20210324,20210622
000705,0,0,0,0,0,0,0,20210324,20210622
000706,0,0,0,0,0,0,0,20210324,20210622
000707,0,0,0,0,0,0,0,20210324,20210622
000708,0,0,0,0,0,0,0,20210324,20210622
000709,0,0,0,0,0,0,0,20210324,20210622
000710,0,0,0,0,0,0,0,20210324,20210622
000711,0,0,0,0,0,0,0,20210324,20210622
000712,0,0,0,0,0,0,0,20210324,20210622
000713,0,0,0,0,0,0,0,20210324,20210622
000714,0,0,0,0,0,0,0,20210324,20210622
000715,0,0,0,0,0,0,0,20210324,20210622
000716,0,0,0,0,0,0,0,20210324,20210622
000717,0,0,0,0,0,0,0,20210324,20210622
000718,0,0,0,0,0,0,0,20210324,20210622
000719,0,0,0,0,0,0,0,20210324,20210622
000720,0,0,0,0,0,0,0,20210324,20210622
000721,0,0,0,0,0,0,0,20210324,20210622
000722,0,0,0,0,0,0,0,20210324,20210622
000723,0,0,0,0,0,0,0,20210324,20210622
000724,0,0,0,0,0,0,0,20210324,20210622
000725,0,0,0,0,0,0,0,20210324,20210622
000726,0,0,0,0,0,0,0,20210324,20210622
000727,0,0,0,0,0,0,0,20210324,20210622
000728,0,0,0,0,0,0,0,20210324,20210622
000729,0,0,0,0,0,0,0,20210324,20210622
000730,0,0,0,0,0,0,0,20210324,20210622
000731,0,0,0,0,0,0,0,20210324,20210622
000732,0,0,0,0,0,0,0,20210324,20210622
000733,0,0,0,0,0,0,0,20210324,20210622
000734,0,0,0,0,0,0,0,20210324,20210622
000735,0,0,0,0,0,0,0,20210324,20210622
000736,0,0,0,0,0,0,0,20210324,20210622
000737,0,0,0,0,0,0,0,20210324,20210622
000738,0,0,0,0,0,0,0,20210324,20210622
000739,0,0,0,0,0,0,0,20210324,20210622
000740,0,0,0,0,0,0,0,20210324,20210622
000741,0,0,0,0,0,0,0,20210324,20210622
000742,0,0,0,0,0,0,0,20210324,20210622
000743,0,0,0,0,0,0,0,20210324,20210622
000744,0,0,0,0,0,0,0,20210324,20210622
000745,0,0,0,0,0,0,0,20210324,20210622
000746,0,0,0,0,0,0,0,20210324,20210622
000747,0,0,0,0,0,0,0,20210324,20210622
000748,0,0,0,0,0,0,0,20210324,20210622
000749,0,0,0,0,0,0,0,20210324,20210622
000750,0,0,0,0,0,0,0,20210324,20210622
000751,0,0,0,0,0,0,0,20210324,20210622
000752,0,0,0,0,0,0,0,20210324,20210622
000753,0,0,0,0,0,0,0,20210324,20210622
000754,0,0,0,0,0,0,0,20210324,20210622
000755,0,0,0,0,0,0,0,20210324,20210622
000756,0,0,0,0,0,0,0,20210324,20210622
000757,0,0,0,0,0,0,0,20210324,20210622
000758,0,0,0,0,0,0,0,20210324,20210622
000759,0,0,0,0,0,0,0,20210324,20210622
000760,0,0,0,0,0,0,0,20210324,20210622
000761,0,0,0,0,0,0,0,20210324,20210622
000762,0,0,0,0,0,0,0,20210324,20210622
000763,0,0,0,0,0,0,0,20210324,20210622
000764,0,0,0,0,0,0,0,20210324,20210622
000765,0,0,0,0,0,0,0,20210324,20210622
000766,0,0,0,0,0,0,0,20210324,20210622
000767,0,0,0,0,0,0,0,20210324,20210622
000768,0,0,0,0,0,0,0,20210324,20210622
000769,0,0,0,0,0,0,0,20210324,20210622
000770,0,0,0,0,0,0,0,20210324,20210622
000771,0,0,0,0,0,0,0,20210324,20210622
000772,0,0,0,0,0,0,0,20210324,20210622
000773,0,0,0,0,0,0,0,20210324,20210622
000774,0,0,0,0,0,0,0,20210324,20210622
000775,0,0,0,0,0,0,0,20210324,20210622
000776,0,0,0,0,0,0,0,20210324,20210622
000777,0,0,0,0,0,0,0,20210324,20210622
000778,0,0,0,0,0,0,0,20210324,20210622
000779,0,0,0,0,0,0,0,20210324,20210622
000780,0,0,0,0,0,0,0,20210324,20210622
000781,0,0,0,0,0,0,0,20210324,20210622
000782,0,0,0,0,0,0,0,20210324,20210622
000783,0,0,0,0,0,0,0,20210324,20210622
000784,0,0,0,0,0,0,0,20210324,20210622
000785,0,0,0,0,0,0,0,20210324,20210622
000786,0,0,0,0,0,0,0,20210324,20210622
000787,0,0,0,0,0,0,0,20210324,20210622
000788,0,0,0,0,0,0,0,20210324,20210622
000789,0,0,0,0,0,0,0,20210324,20210622
000790,0,0,0,0,0,0,0,20210324,20210622
000791,0,0,0,0,0,0,0,20210324,20210622
000792,0,0,0,0,0,0,0,20210324,20210622
000793,0,0,0,0,0,0,0,20210324,20210622
000794,0,0,0,0,0,0,0,20210324,20210622
000795,0,0,0,0,0,0,0,20210324,20210622
000796,0,0,0,0,0,0,0,20210324,20210622
000797,0,0,0,0,0,0,0,20210324,20210622
000798,0,0,0,0,0,0,0,20210324,20210622
000799,0,0,0,0,0,0,0,20210324,20210622
000800,0,0,0,0,0,0,0,20210324,20210622
000801,0,0,0,0,0,0,0,20210324,20210622
000802,0,0,0,0,0,0,0,20210324,20210622
000803,0,0,0,0,0,0,0,20210324,20210622
000804,0,0,0,0,0,0,0,20210324,20210622
000805,0,0,0,0,0,0,0,20210324,20210622
000806,0,0,0,0,0,0,0,20210324,20210622
000807,0,0,0,0,0,0,0,20210324,20210622
000808,0,0,0,0,0,0,0,20210324,20210622
000809,0,0,0,0,0,0,0,20210324,20210622
000810,0,0,0,0,0,0,0,20210324,20210622
000811,0,0,0,0,0,0,0,20210324,20210622
000812,0,0,0,0,0,0,0,20210324,20210622
000813,0,0,0,0,0,0,0,20210324,20210622
000814,0,0,0,0,0,0,0,20210324,20210622
000815,0,0,0,0,0,0,0,20210324,20210622
000816,0,0,0,0,0,0,0,20210324,20210622
000817,0,0,0,0,0,0,0,20210324,20210622
000818,0,0,0,0,0,0,0,20210324,20210622
000819,0,0,0,0,0,0,0,20210324,20210622
000820,0,0,0,0,0,0,0,20210324,20210622
000821,0,0,0,0,0,0,0,20210324,20210622
000822,0,0,0,0,0,0,0,20210324,20210622
000823,0,0,0,0,0,0,0,20210324,20210622
000824,0,0,0,0,0,0,0,20210324,20210622
000825,0,0,0,0,0,0,0,20210324,20210622
000826,0,0,0,0,0,0,0,20210324,20210622
000827,0,0,0,0,0,0,0,20210324,20210622
000828,0,0,0,0,0,0,0,20210324,20210622
000829,0,0,0,0,0,0,0,20210324,20210622
000830,0,0,0,0,0,0,0,20210324,20210622
000831,0,0,0,0,0,0,0,20210324,20210622
000832,0,0,0,0,0,0,0,20210324,20210622
000833,0,0,0,0,0,0,0,20210324,20210622
000834,0,0,0,0,0,0,0,20210324,20210622
000835,0,0,0,0,0,0,0,20210324,20210622
000836,0,0,0,0,0,0,0,20210324,20210622
000837,0,0,0,0,0,0,0,20210324,20210622
000838,0,0,0,0,0,0,0,20210324,20210622
000839,0,0,0,0,0,0,0,20210324,20210622
000840,0,0,0,0,0,0,0,20210324,20210622
000841,0,0,0,0,0,0,0,20210324,20210622
000842,0,0,0,0,0,0,0,20210324,20210622
000843,0,0,0,0,0,0,0,20210324,20210622
000844,0,0,0,0,0,0,0,20210324,20210622
000845,0,0,0,0,0,0,0,20210324,20210622
000846,0,0,0,0,0,0,0,20210324,20210622
000847,0,0,0,0,0,0,0,20210324,20210622
000848,0,0,0,0,0,0,0,20210324,20210622
000849,0,0,0,0,0,0,0,20210324,20210622
000850,0,0,0,0,0,0,0,20210324,20210622
000851,0,0,0,0,0,0,0,20210324,20210622
000852,0,0,0,0,0,0,0,20210324,20210622
000853,0,0,0,0,0,0,0,20210324,20210622
000854,0,0,0,0,0,0,0,20210324,20210622
000855,0,0,0,0,0,0,0,20210324,20210622
000856,0,0,0,0,0,0,0,20210324,20210622
000857,0,0,0,0,0,0,0,20210324,20210622
000858,0,0,0,0,0,0,0,20210324,20210622
000859,0,0,0,0,0,0,0,20210324,20210622
000860,0,0,0,0,0,0,0,20210324,20210622
000861,0,0,0,0,0,0,0,20210324,20210622
000862,0,0,0,0,0,0,0,20210324,20210622
000863,0,0,0,0,0,0,0,20210324,20210622
000864,0,0,0,0,0,0,0,20210324,20210622
000865,0,0,0,0,0,0,0,20210324,20210622
000866,0,0,0,0,0,0,0,20210324,20210622
000867,0,0,0,0,0,0,0,20210324,20210622
000868,0,0,0,0,0,0,0,20210324,20210622
000869,0,0,0,0,0,0,0,20210324,20210622
000870,0,0,0,0,0,0,0,20210324,20210622
000871,0,0,0,0,0,0,0,20210324,20210622
000872,0,0,0,0,0,0,0,20210324,20210622
000873,0,0,0,0,0,0,0,20210324,20210622
000874,0,0,0,0,0,0,0,20210324,20210622
000875,0,0,0,0,0,0,0,20210324,20210622
000876,0,0,0,0,0,0,0,20210324,20210622
000877,0,0,0,0,0,0,0,20210324,20210622
000878,0,0,0,0,0,0,0,20210324,20210622
000879,0,0,0,0,0,0,0,20210324,20210622
000880,0,0,0,0,0,0,0,20210324,20210622
000881,0,0,0,0,0,0,0,20210324,20210622
000882,0,0,0,0,0,0,0,20210324,20210622
000883,0,0,0,0,0,0,0,20210324,20210622
000884,0,0,0,0,0,0,0,20210324,20210622
000885,0,0,0,0,0,0,0,20210324,20210622
000886,0,0,0,0,0,0,0,20210324,20210622
000887,0,0,0,0,0,0,0,20210324,20210622
000888,0,0,0,0,0,0,0,20210324,20210622
000889,0,0,0,0,0,0,0,20210324,20210622
000890,0,0,0,0,0,0,0,20210324,20210622
000891,0,0,0,0,0,0,0,20210324,20210622
000892,0,0,0,0,0,0,0,20210324,20210622
000893,0,0,0,0,0,0,0,20210324,20210622
000894,0,0,0,0,0,0,0,20210324,20210622
000895,0,0,0,0,0,0,0,20210324,20210622
000896,0,0,0,0,0,0,0,20210324,20210622
000897,0,0,0,0,0,0,0,20210324,20210622
000898,0,0,0,0,0,0,0,20210324,20210622
000899,0,0,0,0,0,0,0,20210324,20210622
000900,0,0,0,0,0,0,0,20210324,20210622
000901,0,0,0,0,0,0,0,20210324,20210622
000902,0,0,0,0,0,0,0,20210324,20210622
000903,0,0,0,0,0,0,0,20210324,20210622
000904,0,0,0,0,0,0,0,20210324,20210622
000905,0,0,0,0,0,0,0,20210324,20210622
000906,0,0,0,0,0,0,0,20210324,20210622
000907,0,0,0,0,0,0,0,20210324,20210622
000908,0,0,0,0,0,0,0,20210324,20210622
000909,0,0,0,0,0,0,0,20210324,20210622
000910,0,0,0,0,0,0,0,20210324,20210622
000911,0,0,0,0,0,0,0,20210324,20210622
000912,0,0,0,0,0,0,0,20210324,20210622
000913,0,0,0,0,0,0,0,20210324,20210622
000914,0,0,0,0,0,0,0,20210324,20210622
000915,0,0,0,0,0,0,0,20210324,20210622
000916,0,0,0,0,0,0,0,20210324,20210622
000917,0,0,0,0,0,0,0,20210324,20210622
000918,0,0,0,0,0,0,0,20210324,20210622
000919,0,0,0,0,0,0,0,20210324,20210622
000920,0,0,0,0,0,0,0,20210324,20210622
000921,0,0,0,0,0,0,0,20210324,20210622
000922,0,0,0,0,0,0,0,20210324,20210622
000923,0,0,0,0,0,0,0,20210324,20210622
000924,0,0,0,0,0,0,0,20210324,20210622
000925,0,0,0,0,0,0,0,20210324,20210622
000926,0,0,0,0,0,0,0,20210324,20210622
000927,0,0,0,0,0,0,0,20210324,20210622
000928,0,0,0,0,0,0,0,20210324,20210622
000929,0,0,0,0,0,0,0,20210324,20210622
000930,0,0,0,0,0,0,0,20210324,20210622
000931,0,0,0,0,0,0,0,20210324,20210622
000932,0,0,0,0,0,0,0,20210324,20210622
000933,0,0,0,0,0,0,0,20210324,20210622
000934,0,0,0,0,0,0,0,20210324,20210622
000935,0,0,0,0,0,0,0,20210324,20210622
000936,0,0,0,0,0,0,0,20210324,20210622
000937,0,0,0,0,0,0,0,20210324,20210622
000938,0,0,0,0,0,0,0,20210324,20210622
000939,0,0,0,0,0,0,0,20210324,20210622
000940,0,0,0,0,0,0,0,20210324,20210622
000941,0,0,0,0,0,0,0,20210324,20210622
000942,0,0,0,0,0,0,0,20210324,20210622
000943,0,0,0,0,0,0,0,20210324,20210622
000944,0,0,0,0,0,0,0,20210324,20210622
000945,0,0,0,0,0,0,0,20210324,20210622
000946,0,0,0,0,0,0,0,20210324,20210622
000947,0,0,0,0,0,0,0,20210324,20210622
000948,0,0,0,0,0,0,0,20210324,20210622
000949,0,0,0,0,0,0,0,20210324,20210622
000950,0,0,0,0,0,0,0,20210324,20210622
000951,0,0,0,0,0,0,0,20210324,20210622
000952,0,0,0,0,0,0,0,20210324,20210622
000953,0,0,0,0,0,0,0,20210324,20210622
000954,0,0,0,0,0,0,0,20210324,20210622
000955,0,0,0,0,0,0,0,20210324,20210622
000956,0,0,0,0,0,0,0,20210324,20210622
000957,0,0,0,0,0,0,0,20210324,20210622
000958,0,0,0,0,0,0,0,20210324,20210622
000959,0,0,0,0,0,0,0,20210324,20210622
000960,0,0,0,0,0,0,0,20210324,20210622
000961,0,0,0,0,0,0,0,20210324,20210622
000962,0,0,0,0,0,0,0,20210324,20210622
000963,0,0,0,0,0,0,0,20210324,20210622
000964,0,0,0,0,0,0,0,20210324,20210622
000965,0,0,0,0,0,0,0,20210324,20210622
000966,0,0,0,0,0,0,0,20210324,20210622
000967,0,0,0,0,0,0,0,20210324,20210622
000968,0,0,0,0,0,0,0,20210324,20210622
000969,0,0,0,0,0,0,0,20210324,20210622
000970,0,0,0,0,0,0,0,20210324,20210622
000971,0,0,0,0,0,0,0,20210324,20210622
000972,0,0,0,0,0,0,0,20210324,20210622
000973,0,0,0,0,0,0,0,20210324,20210622
000974,0,0,0,0,0,0,0,20210324,20210622
000975,0,0,0,0,0,0,0,20210324,20210622
000976,0,0,0,0,0,0,0,20210324,20210622
000977,0,0,0,0,0,0,0,20210324,20210622
000978,0,0,0,0,0,0,0,20210324,20210622
000979,0,0,0,0,0,0,0,20210324,20210622
000980,0,0,0,0,0,0,0,20210324,20210622
000981,0,0,0,0,0,0,0,20210324,20210622
000982,0,0,0,0,0,0,0,20210324,20210622
000983,0,0,0,0,0,0,0,20210324,20210622
000984,0,0,0,0,0,0,0,20210324,20210622
000985,0,0,0,0,0,0,0,20210324,20210622
000986,0,0,0,0,0,0,0,20210324,20210622
000987,0,0,0,0,0,0,0,20210324,20210622
000988,0,0,0,0,0,0,0,20210324,20210622
000989,0,0,0,0,0,0,0,20210324,20210622
000990,0,0,0,0,0,0,0,20210324,20210622
000991,0,0,0,0,0,0,0,20210324,20210622
000992,0,0,0,0,0,0,0,20210324,20210622
000993,0,0,0,0,0,0,0,20210324,20210622
000994,0,0,0,0,0,0,0,20210324,20210622
000995,0,0,0,0,0,0,0,20210324,20210622
000996,0,0,0,0,0,0,0,20210324,20210622
000997,0,0,0,0,0,0,0,20210324,20210622
000998,0,0,0,0,0,0,0,20210324,20210622
000999,0,0,0,0,0,0,0,20210324,20210622
001000,0,0,0,0,0,0,0,20210324,20210622
001001,0,0,0,0,0,0,0,20210324,20210622
001002,0,0,0,0,0,0,0,20210324,20210622
001003,0,0,0,0,0,0,0,20210324,20210622
001004,0,0,0,0,0,0,0,20210324,20210622
001005,0,0,0,0,0,0,0,20210324,20210622
001006,0,0,0,0,0,0,0,20210324,20210622
001007,0,0,0,0,0,0,0,20210324,20210622
001008,0,0,0,0,0,0,0,20210324,20210622
001009,0,0,0,0,0,0,0,20210324,20210622
001010,0,0,0,0,0,0,0,20210324,20210622
001011,0,0,0,0,0,0,0,20210324,20210622
001012,0,0,0,0,0,0,0,20210324,20210622
001013,0,0,0,0,0,0,0,20210324,20210622
001014,0,0,0,0,0,0,0,20210324,20210622
001015,0,0,0,0,0,0,0,20210324,20210622
001016,0,0,0,0,0,0,0,20210324,20210622
001017,0,0,0,0,0,0,0,20210324,20210622
001018,0,0,0,0,0,0,0,20210324,20210622
001019,0,0,0,0,0,0,0,20210324,20210622
001020,0,0,0,0,0,0,0,20210324,20210622
001021,0,0,0,0,0,0,0,20210324,20210622
001022,0,0,0,0,0,0,0,20210324,20210622
001023,0,0,0,0,0,0,0,20210324,20210622
001024,0,0,0,0,0,0,0,20210324,20210622
001025,0,0,0,0,0,0,0,20210324,20210622
001026,0,0,0,0,0,0,0,20210324,20210622
001027,0,0,0,0,0,0,0,20210324,20210622
001028,0,0,0,0,0,0,0,20210324,20210622
001029,0,0,0,0,0,0,0,20210324,20210622
001030,0,0,0,0,0,0,0,20210324,20210622
001031,0,0,0,0,0,0,0,20210324,20210622
001032,0,0,0,0,0,0,0,20210324,20210622
001033,0,0,0,0,0,0,0,20210324,20210622
001034,0,0,0,0,0,0,0,20210324,20210622
001035,0,0,0,0,0,0,0,20210324,20210622
001036,0,0,0,0,0,0,0,20210324,20210622
001037,0,0,0,0,0,0,0,20210324,20210622
001038,0,0,0,0,0,0,0,20210324,20210622
001039,0,0,0,0,0,0,0,20210324,20210622
001040,0,0,0,0,0,0,0,20210324,20210622
001041,0,0,0,0,0,0,0,20210324,20210622
001042,0,0,0,0,0,0,0,20210324,20210622
001043,0,0,0,0,0,0,0,20210324,20210622
001044,0,0,0,0,0,0,0,20210324,20210622
001045,0,0,0,0,0,0,0,20210324,20210622
001046,0,0,0,0,0,0,0,20210324,20210622
001047,0,0,0,0,0,0,0,20210324,20210622
001048,0,0,0,0,0,0,0,20210324,20210622
001049,0,0,0,0,0,0,0,20210324,20210622
001050,0,0,0,0,0,0,0,20210324,20210622
001051,0,0,0,0,0,0,0,20210324,20210622
001052,0,0,0,0,0,0,0,20210324,20210622
001053,0,0,0,0,0,0,0,20210324,20210622
001054,0,0,0,0,0,0,0,20210324,20210622
001055,0,0,0,0,0,0,0,20210324,20210622
001056,0,0,0,0,0,0,0,20210324,20210622
001057,0,0,0,0,0,0,0,20210324,20210622
001058,0,0,0,0,0,0,0,20210324,20210622
001059,0,0,0,0,0,0,0,20210324,20210622
001060,0,0,0,0,0,0,0,20210324,20210622
001061,0,0,0,0,0,0,0,20210324,20210622
001062,0,0,0,0,0,0,0,20210324,20210622
001063,0,0,0,0,0,0,0,20210324,20210622
001064,0,0,0,0,0,0,0,20210324,20210622
001065,0,0,0,0,0,0,0,20210324,20210622
001066,0,0,0,0,0,0,0,20210324,20210622
001067,0,0,0,0,0,0,0,20210324,20210622
001068,0,0,0,0,0,0,0,20210324,20210622
001069,0,0,0,0,0,0,0,20210324,20210622
001070,0,0,0,0,0,0,0,20210324,20210622
001071,0,0,0,0,0,0,0,20210324,20210622
001072,0,0,0,0,0,0,0,20210324,20210622
001073,0,0,0,0,0,0,0,20210324,20210622
001074,0,0,0,0,0,0,0,20210324,20210622
001075,0,0,0,0,0,0,0,20210324,20210622
001076,0,0,0,0,0,0,0,20210324,20210622
001077,0,0,0,0,0,0,0,20210324,20210622
001078,0,0,0,0,0,0,0,20210324,20210622
001079,0,0,0,0,0,0,0,20210324,20210622
001080,0,0,0,0,0,0,0,20210324,20210622
001081,0,0,0,0,0,0,0,20210324,20210622
001082,0,0,0,0,0,0,0,20210324,20210622
001083,0,0,0,0,0,0,0,20210324,20210622
001084,0,0,0,0,0,0,0,20210324,20210622
001085,0,0,0,0,0,0,0,20210324,20210622
001086,0,0,0,0,0,0,0,20210324,20210622
001087,0,0,0,0,0,0,0,20210324,20210622
001088,0,0,0,0,0,0,0,20210324,20210622
001089,0,0,0,0,0,0,0,20210324,20210622
001090,0,0,0,0,0,0,0,20210324,20210622
001091,0,0,0,0,0,0,0,20210324,20210622
001092,0,0,0,0,0,0,0,20210324,20210622
001093,0,0,0,0,0,0,0,20210324,20210622
001094,0,0,0,0,0,0,0,20210324,20210622
001095,0,0,0,0,0,0,0,20210324,20210622
001096,0,0,0,0,0,0,0,20210324,20210622
001097,0,0,0,0,0,0,0,20210324,20210622
001098,0,0,0,0,0,0,0,20210324,20210622
001099,0,0,0,0,0,0,0,20210324,20210622
001100,0,0,0,0,0,0,0,20210324,20210622
001101,0,0,0,0,0,0,0,20210324,20210622
001102,0,0,0,0,0,0,0,20210324,20210622
001103,0,0,0,0,0,0,0,20210324,20210622
001104,0,0,0,0,0,0,0,20210324,20210622
001105,0,0,0,0,0,0,0,20210324,20210622
001106,0,0,0,0,0,0,0,20210324,20210622
001107,0,0,0,0,0,0,0,20210324,20210622
001108,0,0,0,0,0,0,0,20210324,20210622
001109,0,0,0,0,0,0,0,20210324,20210622
001110,0,0,0,0,0,0,0,20210324,20210622
001111,0,0,0,0,0,0,0,20210324,20210622
001112,0,0,0,0,0,0,0,20210324,20210622
001113,0,0,0,0,0,0,0,20210324,20210622
001114,0,0,0,0,0,0,0,20210324,20210622
001115,0,0,0,0,0,0,0,20210324,20210622
001116,0,0,0,0,0,0,0,20210324,20210622
001117,0,0,0,0,0,0,0,20210324,20210622
001118,0,0,0,0,0,0,0,20210324,20210622
001119,0,0,0,0,0,0,0,20210324,20210622
001120,0,0,0,0,0,0,0,20210324,20210622
001121,0,0,0,0,0,0,0,20210324,20210622
001122,0,0,0,0,0,0,0,20210324,20210622
001123,0,0,0,0,0,0,0,20210324,20210622
001124,0,0,0,0,0,0,0,20210324,20210622
001125,0,0,0,0,0,0,0,20210324,20210622
001126,0,0,0,0,0,0,0,20210324,20210622
001127,0,0,0,0,0,0,0,20210324,20210622
001128,0,0,0,0,0,0,0,20210324,20210622
001129,0,0,0,0,0,0,0,20210324,20210622
001130,0,0,0,0,0,0,0,20210324,20210622
001131,0,0,0,0,0,0,0,20210324,20210622
001132,0,0,0,0,0,0,0,20210324,20210622
001133,0,0,0,0,0,0,0,20210324,20210622
001134,0,0,0,0,0,0,0,20210324,20210622
001135,0,0,0,0,0,0,0,20210324,20210622
001136,0,0,0,0,0,0,0,20210324,20210622
001137,0,0,0,0,0,0,0,20210324,20210622
001138,0,0,0,0,0,0,0,20210324,20210622
001139,0,0,0,0,0,0,0,20210324,20210622
001140,0,0,0,0,0,0,0,20210324,20210622
001141,0,0,0,0,0,0,0,20210324,20210622
001142,0,0,0,0,0,0,0,20210324,20210622
001143,0,0,0,0,0,0,0,20210324,20210622
001144,0,0,0,0,0,0,0,20210324,20210622
001145,0,0,0,0,0,0,0,20210324,20210622
001146,0,0,0,0,0,0,0,20210324,20210622
001147,0,0,0,0,0,0,0,20210324,20210622
001148,0,0,0,0,0,0,0,20210324,20210622
001149,0,0,0,0,0,0,0,20210324,20210622
001150,0,0,0,0,0,0,0,20210324,20210622
001151,0,0,0,0,0,0,0,20210324,20210622
001152,0,0,0,0,0,0,0,20210324,20210622
001153,0,0,0,0,0,0,0,20210324,20210622
001154,0,0,0,0,0,0,0,20210324,20210622
001155,0,0,0,0,0,0,0,20210324,20210622
001156,0,0,0,0,0,0,0,20210324,20210622
001157,0,0,0,0,0,0,0,20210324,20210622
001158,0,0,0,0,0,0,0,20210324,20210622
001159,0,0,0,0,0,0,0,20210324,20210622
001160,0,0,0,0,0,0,0,20210324,20210622
001161,0,0,0,0,0,0,0,20210324,20210622
001162,0,0,0,0,0,0,0,20210324,20210622
001163,0,0,0,0,0,0,0,20210324,20210622
001164,0,0,0,0,0,0,0,20210324,20210622
001165,0,0,0,0,0,0,0,20210324,20210622
001166,0,0,0,0,0,0,0,20210324,20210622
001167,0,0,0,0,0,0,0,20210324,20210622
001168,0,0,0,0,0,0,0,20210324,20210622
001169,0,0,0,0,0,0,0,20210324,20210622
001170,0,0,0,0,0,0,0,20210324,20210622
001171,0,0,0,0,0,0,0,20210324,20210622
001172,0,0,0,0,0,0,0,20210324,20210622
001173,0,0,0,0,0,0,0,20210324,20210622
001174,0,0,0,0,0,0,0,20210324,20210622
001175,0,0,0,0,0,0,0,20210324,20210622
001176,0,0,0,0,0,0,0,20210324,20210622
001177,0,0,0,0,0,0,0,20210324,20210622
001178,0,0,0,0,0,0,0,20210324,20210622
001179,0,0,0,0,0,0,0,20210324,20210622
001180,0,0,0,0,0,0,0,20210324,20210622
001181,0,0,0,0,0,0,0,20210324,20210622
001182,0,0,0,0,0,0,0,20210324,20210622
001183,0,0,0,0,0,0,0,20210324,20210622
001184,0,0,0,0,0,0,0,20210324,20210622
001185,0,0,0,0,0,0,0,20210324,20210622
001186,0,0,0,0,0,0,0,20210324,20210622
001187,0,0,0,0,0,0,0,20210324,20210622
001188,0,0,0,0,0,0,0,20210324,20210622
001189,0,0,0,0,0,0,0,20210324,20210622
001190,0,0,0,0,0,0,0,20210324,20210622
001191,0,0,0,0,0,0,0,20210324,20210622
001192,0,0,0,0,0,0,0,20210324,20210622
001193,0,0,0,0,0,0,0,20210324,20210622
001194,0,0,0,0,0,0,0,20210324,20210622
001195,0,0,0,0,0,0,0,20210324,20210622
001196,0,0,0,0,0,0,0,20210324,20210622
001197,0,0,0,0,0,0,0,20210324,20210622
001198,0,0,0,0,0,0,0,20210324,20210622
001199,0,0,0,0,0,0,0,20210324,20210622
001200,0,0,0,0,0,0,0,20210324,20210622
001201,0,0,0,0,0,0,0,20210324,20210622
001202,0,0,0,0,0,0,0,20210324,20210622
001203,0,0,0,0,0,0,0,20210324,20210622
001204,0,0,0,0,0,0,0,20210324,20210622
001205,0,0,0,0,0,0,0,20210324,20210622
001206,0,0,0,0,0,0,0,20210324,20210622
001207,0,0,0,0,0,0,0,20210324,20210622
001208,0,0,0,0,0,0,0,20210324,20210622
001209,0,0,0,0,0,0,0,20210324,20210622
001210,0,0,0,0,0,0,0,20210324,20210622
001211,0,0,0,0,0,0,0,20210324,20210622
001212,0,0,0,0,0,0,0,20210324,20210622
001213,0,0,0,0,0,0,0,20210324,20210622
001214,0,0,0,0,0,0,0,20210324,20210622
001215,0,0,0,0,0,0,0,20210324,20210622
001216,0,0,0,0,0,0,0,20210324,20210622
001217,0,0,0,0,0,0,0,20210324,20210622
001218,0,0,0,0,0,0,0,20210324,20210622
001219,0,0,0,0,0,0,0,20210324,20210622
001220,0,0,0,0,0,0,0,20210324,20210622
001221,0,0,0,0,0,0,0,20210324,20210622
001222,0,0,0,0,0,0,0,20210324,20210622
001223,0,0,0,0,0,0,0,20210324,20210622
001224,0,0,0,0,0,0,0,20210324,20210622
001225,0,0,0,0,0,0,0,20210324,20210622
001226,0,0,0,0,0,0,0,20210324,20210622
001227,0,0,0,0,0,0,0,20210324,20210622
001228,0,0,0,0,0,0,0,20210324,20210622
001229,0,0,0,0,0,0,0,20210324,20210622
001230,0,0,0,0,0,0,0,20210324,20210622
001231,0,0,0,0,0,0,0,20210324,20210622
001232,0,0,0,0,0,0,0,20210324,20210622
001233,0,0,0,0,0,0,0,20210324,20210622
001234,0,0,0,0,0,0,0,20210324,20210622
001235,0,0,0,0,0,0,0,20210324,20210622
001236,0,0,0,0,0,0,0,20210324,20210622
001237,0,0,0,0,0,0,0,20210324,20210622
001238,0,0,0,0,0,0,0,20210324,20210622
001239,0,0,0,0,0,0,0,20210324,20210622
001240,0,0,0,0,0,0,0,20210324,20210622
001241,0,0,0,0,0,0,0,20210324,20210622
001242,0,0,0,0,0,0,0,20210324,20210622
001243,0,0,0,0,0,0,0,20210324,20210622
001244,0,0,0,0,0,0,0,20210324,20210622
001245,0,0,0,0,0,0,0,20210324,20210622
001246,0,0,0,0,0,0,0,20210324,20210622
001247,0,0,0,0,0,0,0,20210324,20210622
001248,0,0,0,0,0,0,0,20210324,20210622
001249,0,0,0,0,0,0,0,20210324,20210622
001250,0,0,0,0,0,0,0,20210324,20210622
001251,0,0,0,0,0,0,0,20210324,20210622
001252,0,0,0,0,0,0,0,20210324,20210622
001253,0,0,0,0,0,0,0,20210324,20210622
001254,0,0,0,0,0,0,0,20210324,20210622
001255,0,0,0,0,0,0,0,20210324,20210622
001256,0,0,0,0,0,0,0,20210324,20210622
000000,0,0,0,0,0,0,0,20210324,20210622
